{
  "fidelity_matrix": [
    [
      1.0,
      16.33213528703718,
      8.708377188686315,
      4.360111383472533,
      2.006184018045125,
      0.8055115439550944,
      0.23835608924425636,
      3.78436673043415e-17,
      -2.303847340687438,
      -2.5918697964521122,
      -2.148949172303234,
      -1.5547727712598998,
      -1.0337619406259089,
      -0.6454167637084087,
      0.38196601125010515,
      6.238320570786684,
      3.326304099223916,
      1.6654143537511803,
      0.7662941072064053,
      0.3076780314604411,
      0.09104392466580269,
      1.4454994651315342e-17,
      -0.8799913792515394,
      -0.9900061678304353,
      -0.8208255437238813,
      -0.5938703538384161,
      -0.39486192504304657,
      -0.24652726682765247,
      0.14589803375031543,
      2.3828264253228677,
      1.2705351089854335,
      0.63613167778101,
      0.2926983035740911,
      0.11752255042622904,
      0.034775684753151584,
      5.5213166496045245e-18,
      -0.33612679706719023,
      -0.3781487070391935,
      -0.3135274588684096,
      -0.2268382902553484,
      -0.15082383450323042,
      -0.0941650367745488,
      0.0557280900008412,
      0.9101587051819222,
      0.4853012277323839,
      0.24298067959184952,
      0.11180080351586796,
      0.04488961981824605,
      0.013283129593652458,
      2.1089552974982345e-18,
      -0.12838901195002816,
      -0.1444399532871453,
      -0.11975683288134807,
      -0.08664451692762902,
      -0.057609578466644905,
      -0.03596784349599386,
      0.02128623625220818,
      0.3476496902228994,
      0.18536857421171735,
      0.09281036099453857,
      0.042704106973512915,
      0.01714630902850912,
      0.005073704027805657,
      8.055492428901795e-19,
      -0.04904023878289437,
      -0.05517115282224237,
      -0.04574303977563386,
      -0.033095260527538674,
      -0.022004900896704326,
      -0.013738493713432809,
      0.008130618755783347,
      0.13279036548677553,
      0.07080449490276877,
      0.0354504033917663,
      0.01631151740467049,
      0.006549307267281318,
      0.0019379824897645193,
      -8.61849844974385e-18,
      -0.01873170439865487,
      -0.021073505179581977,
      -0.017472286445553768,
      -0.012641264654986977,
      -0.008405124223468006,
      -0.005247637644304576,
      0.0031056200151418573,
      0.050721406237427255,
      0.027044910496588987,
      0.01354084918076017,
      0.006230445240498681,
      0.002501612773334753,
      0.000740243441487901,
      3.527029577067338e-18,
      -0.007154874413070251,
      -0.008049362716503297,
      -0.006673819561027451,
      -0.004828533437422325,
      -0.003210471773699712,
      -0.002004419219480915,
      0.0011862412896422262,
      0.01937385322550629
    ],
    [
      16.33213528703718,
      321.996894379985,
      181.12615587755,
      96.57738295680252,
      48.35437621638703,
      22.248921698554604,
      8.933259914114023,
      2.6434095368463195,
      1.2185543343947342e-14,
      -25.55005853267899,
      -28.744276514725282,
      -23.832211521322627,
      -17.242694257186628,
      -11.464595602921587,
      7.157781594071051,
      122.99186938124427,
      69.18403529361255,
      36.88927774498374,
      18.469728209860303,
      8.498331875812816,
      3.41220165685459,
      1.0096925968896766,
      7.216770781877052e-14,
      -9.759253944934105,
      -10.979336646599691,
      -9.10309477406841,
      -6.586123148622675,
      -4.379085853043452,
      2.7340292848867387,
      46.978713763747805,
      26.42595000328768,
      14.090450278148712,
      7.054808413193884,
      3.2460739288838454,
      1.303345056449745,
      0.38566825382271014,
      1.777846814061161e-15,
      -3.7277033021233326,
      -4.1937334250737885,
      -3.4770728008825866,
      -2.5156751886813846,
      -1.6726619562087712,
      1.044306260589165,
      17.944271909999163,
      10.093814716250499,
      5.3820730894623985,
      2.6946970297213513,
      1.2398899108387198,
      0.4978335124946532,
      0.14731216457845367,
      6.79077056180649e-16,
      -1.423855961435895,
      -1.6018636286216827,
      -1.3281236285793527,
      -0.9609024174214841,
      -0.6389000155828624,
      0.3988894968807562,
      6.854101966249686,
      3.8554941454638154,
      2.055768990238482,
      1.0292826759701719,
      0.47359580363231435,
      0.19015548103421212,
      0.05626823991265096,
      2.5938435448078604e-16,
      -0.5438645821843525,
      -0.6118574607912414,
      -0.5072980848554715,
      -0.36703206358306834,
      -0.24403809053981604,
      0.15236223005310365,
      2.6180339887498953,
      1.4726677201409462,
      0.7852338812530498,
      0.3931509981891605,
      0.1808975000582235,
      0.07263293060798302,
      0.02149255515949908,
      9.907600726170918e-17,
      -0.20773778511716373,
      -0.23370875375204805,
      -0.19377062598706132,
      -0.14019377332771937,
      -0.09321425603658563,
      0.05819719327855489,
      1.0,
      0.5625090149590233,
      0.2999326535206661,
      0.15017031859731136,
      0.069096696542355,
      0.02774331078973695,
      0.008209425565846858,
      3.7843667304341506e-17,
      -0.07934877316713326,
      -0.08926880046490283,
      -0.07401379310571413,
      -0.053549256400090346,
      -0.03560467756994058,
      0.02222934978256104,
      0.3819660112501051
    ],
    [
      8.708377188686315,
      181.12615587755,
      122.99186938124427,
      69.18403529361254,
      36.88927774498374,
      18.469728209860303,
      8.498331875812816,
      3.4122016568545908,
      29.315860994553777,
      4.654463386002834e-15,
      -9.759253944934107,
      -10.979336646599679,
      -9.103094774068408,
      -6.586123148622672,
      4.3790858530434535,
      79.38101429848999,
      46.97871376374781,
      26.425950003287678,
      14.090450278148714,
      7.054808413193884,
      3.2460739288838445,
      1.303345056449748,
      11.197662490452291,
      1.777846814061161e-15,
      -3.727703302123334,
      -4.1937334250737885,
      -3.4770728008825906,
      -2.515675188681384,
      1.672661956208772,
      30.32084940058179,
      17.944271909999163,
      10.093814716250495,
      5.382073089462398,
      2.6946970297213513,
      1.2398899108387182,
      0.4978335124946533,
      4.277126476802963,
      6.79077056180649e-16,
      -1.423855961435895,
      -1.6018636286216765,
      -1.3281236285793525,
      -0.9609024174214842,
      0.6389000155828626,
      11.58153390325537,
      6.8541019662496865,
      3.855494145463813,
      2.0557689902384824,
      1.0292826759701705,
      0.47359580363231424,
      0.1901554810342121,
      1.6337169399566431,
      2.5938435448078604e-16,
      -0.5438645821843564,
      -0.6118574607912416,
      -0.5072980848554715,
      -0.3670320635830678,
      0.24403809053981604,
      4.423752309184314,
      2.6180339887498953,
      1.472667720140946,
      0.7852338812530498,
      0.39315099818916044,
      0.18089750005822314,
      0.07263293060798304,
      0.6240243430669663,
      9.907600726170917e-17,
      -0.20773778511716215,
      -0.23370875375204803,
      -0.1937706259870622,
      -0.1401937733277194,
      0.09321425603658559,
      1.6897230242975736,
      1.0000000000000002,
      0.5625090149590234,
      0.29993265352066584,
      0.15017031859731114,
      0.06909669654235515,
      0.027743310789736852,
      0.2383560892442563,
      -1.0600052355933517e-15,
      -0.07934877316713387,
      -0.0892688004649025,
      -0.07401379310571395,
      -0.05354925640009042,
      0.03560467756994063,
      0.6454167637084088,
      0.38196601125010515,
      0.2148593247361239,
      0.11456407930894873,
      0.05735995760277226,
      0.02639258956884233,
      0.010597001761227869,
      0.09104392466580266,
      4.337959610464512e-16,
      -0.0303085343842395,
      -0.034097647642660586,
      -0.02827075333008009,
      -0.020453995872551645,
      0.013599776673236308,
      0.24652726682765252
    ],
    [
      4.360111383472533,
      96.57738295680252,
      69.18403529361254,
      46.978713763747805,
      26.425950003287678,
      14.090450278148708,
      7.054808413193884,
      3.246073928883845,
      37.84189625686094,
      11.197662490452245,
      1.7778468140611605e-15,
      -3.7277033021233263,
      -4.193733425073788,
      -3.477072800882589,
      2.5156751886813846,
      48.56480630852102,
      30.320849400581782,
      17.944271909999163,
      10.093814716250497,
      5.382073089462397,
      2.6946970297213517,
      1.2398899108387196,
      14.454318171373483,
      4.277126476802963,
      6.790770561806489e-16,
      -1.423855961435895,
      -1.601863628621679,
      -1.328123628579353,
      0.9609024174214841,
      18.550105352799722,
      11.581533903255364,
      6.854101966249686,
      3.855494145463813,
      2.055768990238482,
      1.0292826759701699,
      0.4735958036323143,
      5.5210582572594324,
      1.6337169399566434,
      2.59384354480786e-16,
      -0.5438645821843522,
      -0.6118574607912415,
      -0.5072980848554715,
      0.3670320635830679,
      7.085509749878134,
      4.423752309184312,
      2.618033988749895,
      1.4726677201409453,
      0.7852338812530493,
      0.39315099818916044,
      0.18089750005822314,
      2.1088566004048426,
      0.6240243430669665,
      -2.7751297350362346e-15,
      -0.207737785117162,
      -0.2337087537520481,
      -0.1937706259870618,
      0.1401937733277194,
      2.7064238968346808,
      1.689723024297574,
      1.0,
      0.5625090149590234,
      0.29993265352066584,
      0.15017031859731092,
      0.06909669654235516,
      0.8055115439550948,
      0.2383560892442563,
      3.78436673043415e-17,
      -0.07934877316713386,
      -0.08926880046490314,
      -0.07401379310571396,
      0.05354925640009036,
      1.0337619406259095,
      0.6454167637084086,
      0.38196601125010515,
      0.2148593247361238,
      0.11456407930894862,
      0.057359957602772335,
      0.026392589568842266,
      0.30767803146044126,
      0.09104392466580195,
      1.4454994651315342e-17,
      -0.030308534384239257,
      -0.034097647642660454,
      -0.028270753330080146,
      0.020453995872551676,
      0.394861925043047,
      0.2465272668276524,
      0.14589803375031543,
      0.08206895924934833,
      0.043759584406179726,
      0.021909554211006092,
      0.010081072164171857,
      0.11752255042622912,
      0.03477568475315197,
      5.521316649604525e-18,
      -0.011576829985584711,
      -0.013024142463078566,
      -0.010798466884526296,
      0.007812731217564678,
      0.15082383450323064
    ],
    [
      2.006184018045125,
      48.35437621638703,
      36.88927774498374,
      26.425950003287678,
      17.944271909999163,
      10.093814716250495,
      5.382073089462397,
      2.6946970297213513,
      35.9995115212964,
      14.454318171373455,
      4.277126476802962,
      5.6041018636032675e-15,
      -1.4238559614358952,
      -1.6018636286216779,
      1.328123628579353,
      27.89926536575058,
      18.550105352799722,
      11.581533903255366,
      6.8541019662496865,
      3.855494145463813,
      2.055768990238482,
      1.0292826759701705,
      13.750589822741802,
      5.521058257259432,
      1.6337169399566431,
      2.5938435448078604e-16,
      -0.5438645821843544,
      -0.6118574607912415,
      0.5072980848554716,
      10.656571108563956,
      7.08550974987813,
      4.423752309184312,
      2.618033988749895,
      1.472667720140945,
      0.7852338812530488,
      0.39315099818916044,
      5.252257946928971,
      2.108856600404842,
      0.6240243430669665,
      9.907600726170917e-17,
      -0.207737785117162,
      -0.2337087537520481,
      0.1937706259870618,
      4.070447959941286,
      2.7064238968346785,
      1.689723024297574,
      1.0,
      0.5625090149590228,
      0.29993265352066595,
      0.15017031859731092,
      2.0061840180451256,
      0.8055115439550944,
      0.23835608924425453,
      3.7843667304341506e-17,
      -0.07934877316713382,
      -0.08926880046490286,
      0.07401379310571396,
      1.5547727712599007,
      1.0337619406259089,
      0.6454167637084087,
      0.3819660112501051,
      0.2148593247361238,
      0.11456407930894852,
      0.05735995760277233,
      0.7662941072064056,
      0.30767803146044126,
      0.09104392466580266,
      1.4454994651315342e-17,
      -0.03030853438423973,
      -0.03409764764266046,
      0.02827075333008009,
      0.5938703538384164,
      0.3948619250430466,
      0.24652726682765233,
      0.14589803375031546,
      0.08206895924934826,
      0.04375958440617976,
      0.021909554211006058,
      0.29269830357409116,
      0.11752255042622867,
      0.0347756847531517,
      1.6569531293731894e-16,
      -0.01157682998558462,
      -0.013024142463078614,
      0.01079846688452632,
      0.22683829025534877,
      0.1508238345032305,
      0.09416503677454871,
      0.0557280900008412,
      0.03134755301192096,
      0.016714673909590784,
      0.008368705030245952,
      0.11180080351586799,
      0.04488961981824625,
      0.013283129593652451,
      -5.907206717050918e-17,
      -0.004421955572514369,
      -0.004974779746575221,
      0.004124647323498868,
      0.08664451692762916
    ],
    [
      0.8055115439550944,
      22.248921698554604,
      18.469728209860303,
      14.090450278148708,
      10.093814716250495,
      6.854101966249684,
      3.8554941454638136,
      2.055768990238482,
      29.884648006526724,
      13.750589822741787,
      5.521058257259432,
      1.633716939956646,
      2.5938435448078594e-16,
      -0.5438645821843534,
      0.6118574607912416,
      14.729116747254224,
      10.656571108563956,
      7.085509749878134,
      4.423752309184311,
      2.6180339887498945,
      1.4726677201409455,
      0.7852338812530493,
      11.414919796666425,
      5.25225794692897,
      2.1088566004048417,
      0.6240243430669664,
      -1.3380268638872623e-15,
      -0.20773778511716204,
      0.23370875375204817,
      5.626021973185823,
      4.070447959941283,
      2.7064238968346803,
      1.6897230242975734,
      0.9999999999999998,
      0.5625090149590228,
      0.2999326535206659,
      4.360111383472533,
      2.006184018045125,
      0.8055115439550942,
      0.23835608924425639,
      3.784366730434149e-17,
      -0.07934877316713382,
      0.08926880046490288,
      2.1489491723032343,
      1.5547727712598984,
      1.0337619406259089,
      0.6454167637084087,
      0.38196601125010504,
      0.2148593247361237,
      0.11456407930894857,
      1.6654143537511807,
      0.7662941072064055,
      0.3076780314604399,
      0.09104392466580269,
      1.445499465131534e-17,
      -0.030308534384239475,
      0.03409764764266048,
      0.8208255437238813,
      0.5938703538384162,
      0.39486192504304635,
      0.24652726682765239,
      0.1458980337503154,
      0.08206895924934825,
      0.04375958440617977,
      0.63613167778101,
      0.29269830357409116,
      0.11752255042622908,
      0.0347756847531517,
      -1.5465267963810986e-16,
      -0.01157682998558462,
      0.01302414246307857,
      0.31352745886840966,
      0.22683829025534846,
      0.15082383450323036,
      0.09416503677454874,
      0.055728090000841196,
      0.03134755301192097,
      0.01671467390959077,
      0.24298067959184955,
      0.11180080351586771,
      0.04488961981824607,
      0.013283129593652554,
      2.108955297498234e-18,
      -0.004421955572514403,
      0.00497477974657524,
      0.11975683288134809,
      0.08664451692762903,
      0.05760957846664488,
      0.035967843495993815,
      0.021286236252208178,
      0.011973699786414672,
      0.006384437322592598,
      0.0928103609945386,
      0.042704106973512915,
      0.01714630902850912,
      0.005073704027805617,
      8.055492428901793e-19,
      -0.0016890367319584757,
      0.0019001967766471535,
      0.045743039775633966
    ],
    [
      0.23835608924425636,
      8.933259914114023,
      8.498331875812816,
      7.054808413193884,
      5.382073089462397,
      3.8554941454638136,
      2.618033988749895,
      1.4726677201409455,
      22.798827466835025,
      11.414919796666418,
      5.252257946928971,
      2.108856600404844,
      0.6240243430669664,
      -6.194754283127767e-16,
      0.2077377851171622,
      6.7856032215258955,
      5.626021973185822,
      4.070447959941287,
      2.7064238968346803,
      1.6897230242975734,
      1.0,
      0.5625090149590231,
      8.708377188686317,
      4.360111383472533,
      2.006184018045125,
      0.8055115439550943,
      0.23835608924425544,
      3.78436673043415e-17,
      0.07934877316713389,
      2.5918697964521122,
      2.1489491723032317,
      1.5547727712599004,
      1.0337619406259089,
      0.6454167637084086,
      0.3819660112501051,
      0.2148593247361237,
      3.326304099223915,
      1.6654143537511805,
      0.7662941072064055,
      0.3076780314604411,
      0.0910439246658027,
      1.4454994651315342e-17,
      0.030308534384239496,
      0.9900061678304352,
      0.8208255437238794,
      0.5938703538384164,
      0.3948619250430464,
      0.2465272668276525,
      0.14589803375031543,
      0.08206895924934822,
      1.2705351089854329,
      0.63613167778101,
      0.29269830357409043,
      0.11752255042622904,
      0.034775684753151716,
      5.521316649604525e-18,
      0.011576829985584621,
      0.3781487070391935,
      0.31352745886840966,
      0.22683829025534843,
      0.15082383450323028,
      0.09416503677454878,
      0.055728090000841196,
      0.03134755301192098,
      0.48530122773238316,
      0.2429806795918495,
      0.11180080351586799,
      0.04488961981824607,
      0.013283129593652349,
      2.1089552974982345e-18,
      0.004421955572514372,
      0.1444399532871452,
      0.11975683288134784,
      0.08664451692762892,
      0.05760957846664493,
      0.035967843495993836,
      0.02128623625220818,
      0.011973699786414669,
      0.1853685742117173,
      0.09281036099453846,
      0.04270410697351282,
      0.017146309028509183,
      0.005073704027805656,
      -2.2563521873417675e-17,
      0.0016890367319584896,
      0.055171152822242574,
      0.04574303977563387,
      0.033095260527538625,
      0.022004900896704274,
      0.013738493713432812,
      0.008130618755783345,
      0.004573546347323051,
      0.07080449490276874,
      0.03545040339176629,
      0.016311517404670493,
      0.00654930726728127,
      0.001937982489764519,
      9.233883312088457e-18,
      0.0006451546233610973,
      0.021073505179581977
    ],
    [
      3.78436673043415e-17,
      2.6434095368463195,
      3.4122016568545908,
      3.246073928883845,
      2.6946970297213513,
      2.055768990238482,
      1.4726677201409455,
      1.0,
      16.33213528703718,
      8.708377188686315,
      4.360111383472533,
      2.006184018045126,
      0.8055115439550944,
      0.23835608924425591,
      3.78436673043415e-17,
      2.3038473406874354,
      2.5918697964521127,
      2.1489491723032352,
      1.5547727712599004,
      1.0337619406259089,
      0.6454167637084086,
      0.38196601125010515,
      6.2383205707866844,
      3.326304099223916,
      1.6654143537511807,
      0.7662941072064053,
      0.3076780314604405,
      0.09104392466580269,
      1.4454994651315342e-17,
      0.8799913792515432,
      0.9900061678304334,
      0.8208255437238814,
      0.5938703538384162,
      0.3948619250430464,
      0.24652726682765255,
      0.14589803375031543,
      2.3828264253228677,
      1.2705351089854329,
      0.63613167778101,
      0.2926983035740911,
      0.11752255042622904,
      0.03477568475315172,
      5.5213166496045245e-18,
      0.3361267970671904,
      0.3781487070391922,
      0.31352745886840966,
      0.22683829025534843,
      0.15082383450323042,
      0.0941650367745488,
      0.0557280900008412,
      0.9101587051819222,
      0.4853012277323835,
      0.24298067959184919,
      0.11180080351586796,
      0.04488961981824605,
      0.013283129593652458,
      2.1089552974982345e-18,
      0.12838901195002825,
      0.14443995328714532,
      0.11975683288134785,
      0.0866445169276289,
      0.057609578466644905,
      0.03596784349599386,
      0.02128623625220818,
      0.3476496902228994,
      0.18536857421171735,
      0.09281036099453857,
      0.042704106973512825,
      0.017146309028509058,
      0.005073704027805657,
      8.055492428901795e-19,
      0.049040238782894395,
      0.055171152822242386,
      0.045743039775633765,
      0.03309526052753868,
      0.022004900896704295,
      0.013738493713432809,
      0.008130618755783347,
      0.13279036548677553,
      0.0708044949027687,
      0.03545040339176624,
      0.016311517404670524,
      0.006549307267281293,
      0.0019379824897645043,
      3.07692431172304e-19,
      0.018731704398655027,
      0.021073505179581904,
      0.017472286445553733,
      0.012641264654986962,
      0.008405124223468015,
      0.005247637644304574,
      0.0031056200151418573,
      0.050721406237427276,
      0.027044910496589008,
      0.01354084918076015,
      0.0062304452404986395,
      0.002501612773334762,
      0.0007402434414879069,
      1.1752805062673246e-19,
      0.007154874413070311
    ],
    [
      -2.303847340687438,
      1.2185543343947342e-14,
      29.315860994553777,
      37.84189625686094,
      35.9995115212964,
      29.884648006526724,
      22.798827466835025,
      16.33213528703718,
      321.996894379985,
      181.12615587755,
      96.57738295680252,
      48.35437621638705,
      22.248921698554604,
      8.933259914114014,
      -2.643409536846318,
      -7.619044096393539e-14,
      25.550058532679,
      28.744276514725318,
      23.832211521322645,
      17.242694257186628,
      11.464595602921586,
      7.157781594071051,
      122.99186938124427,
      69.18403529361255,
      36.889277744983744,
      18.469728209860303,
      8.498331875812806,
      3.41220165685459,
      -1.009692596889676,
      4.654463386002834e-15,
      9.759253944934073,
      10.979336646599693,
      9.103094774068412,
      6.58612314862267,
      4.3790858530434535,
      2.7340292848867387,
      46.978713763747805,
      26.425950003287678,
      14.090450278148712,
      7.054808413193884,
      3.2460739288838454,
      1.3033450564497475,
      -0.3856682538227099,
      1.777846814061161e-15,
      3.727703302123306,
      4.19373342507379,
      3.477072800882587,
      2.515675188681385,
      1.6726619562087714,
      1.044306260589165,
      17.944271909999163,
      10.093814716250497,
      5.382073089462394,
      2.6946970297213513,
      1.2398899108387198,
      0.4978335124946532,
      -0.1473121645784536,
      6.79077056180649e-16,
      1.4238559614358957,
      1.6018636286216774,
      1.3281236285793496,
      0.9609024174214843,
      0.6389000155828624,
      0.3988894968807562,
      6.854101966249686,
      3.8554941454638154,
      2.055768990238482,
      1.0292826759701705,
      0.47359580363231324,
      0.19015548103421212,
      -0.056268239912650925,
      2.5938435448078604e-16,
      0.5438645821843529,
      0.6118574607912393,
      0.5072980848554716,
      0.36703206358306734,
      0.24403809053981607,
      0.1523622300531037,
      2.6180339887498953,
      1.4726677201409455,
      0.785233881253049,
      0.39315099818916105,
      0.18089750005822314,
      0.07263293060798275,
      -0.021492555159499237,
      2.973281749559653e-15,
      0.2077377851171622,
      0.23370875375204722,
      0.19377062598706093,
      0.1401937733277196,
      0.09321425603658555,
      0.05819719327855487,
      1.0,
      0.5625090149590235,
      0.29993265352066584,
      0.15017031859731073,
      0.06909669654235516,
      0.027743310789737054,
      -0.00820942556584679,
      1.1356925702020346e-15
    ],
    [
      -2.5918697964521122,
      -25.55005853267899,
      4.654463386002834e-15,
      11.197662490452245,
      14.454318171373455,
      13.750589822741787,
      11.414919796666418,
      8.708377188686315,
      181.12615587755,
      122.99186938124427,
      69.18403529361254,
      36.889277744983744,
      18.469728209860303,
      8.498331875812811,
      -3.4122016568545903,
      -29.315860994553823,
      4.654463386002834e-15,
      9.759253944934132,
      10.979336646599691,
      9.10309477406841,
      6.58612314862267,
      4.3790858530434535,
      79.38101429848997,
      46.97871376374781,
      26.425950003287678,
      14.090450278148714,
      7.0548084131938795,
      3.2460739288838445,
      -1.3033450564497477,
      -11.197662490452242,
      -2.400991786847648e-14,
      3.7277033021233352,
      4.193733425073789,
      3.477072800882588,
      2.5156751886813864,
      1.672661956208772,
      30.32084940058179,
      17.944271909999163,
      10.093814716250495,
      5.382073089462398,
      2.6946970297213513,
      1.2398899108387198,
      -0.4978335124946532,
      -4.2771264768029615,
      -1.9021022173509826e-14,
      1.4238559614358957,
      1.601863628621677,
      1.3281236285793527,
      0.9609024174214843,
      0.6389000155828626,
      11.58153390325537,
      6.8541019662496865,
      3.855494145463812,
      2.0557689902384824,
      1.0292826759701705,
      0.47359580363231424,
      -0.19015548103421206,
      -1.6337169399566425,
      2.5938435448078604e-16,
      0.5438645821843525,
      0.6118574607912395,
      0.5072980848554716,
      0.36703206358306784,
      0.24403809053981604,
      4.423752309184314,
      2.6180339887498953,
      1.472667720140946,
      0.7852338812530492,
      0.3931509981891599,
      0.18089750005822314,
      -0.07263293060798302,
      -0.624024343066966,
      9.907600726170917e-17,
      0.20773778511716062,
      0.23370875375204808,
      0.19377062598706138,
      0.1401937733277194,
      0.09321425603658566,
      1.6897230242975736,
      1.0000000000000002,
      0.5625090149590232,
      0.2999326535206661,
      0.15017031859731092,
      0.069096696542355,
      -0.02774331078973695,
      -0.23835608924425433,
      3.7843667304341506e-17,
      0.07934877316713329,
      0.08926880046490218,
      0.07401379310571413,
      0.05354925640009035,
      0.035604677569940596,
      0.6454167637084086,
      0.38196601125010515,
      0.21485932473612382,
      0.11456407930894844,
      0.057359957602772335,
      0.026392589568842387,
      -0.010597001761227827,
      -0.09104392466580191
    ],
    [
      -2.148949172303234,
      -28.744276514725282,
      -9.759253944934107,
      1.7778468140611605e-15,
      4.277126476802962,
      5.521058257259432,
      5.252257946928971,
      4.360111383472533,
      96.57738295680252,
      69.18403529361254,
      46.978713763747805,
      26.42595000328768,
      14.090450278148708,
      7.054808413193883,
      -3.2460739288838445,
      -37.84189625686097,
      -11.197662490452242,
      1.467172915532998e-14,
      3.7277033021233352,
      4.1937334250737885,
      3.4770728008825875,
      2.5156751886813846,
      48.564806308521014,
      30.320849400581782,
      17.944271909999163,
      10.093814716250497,
      5.382073089462395,
      2.6946970297213517,
      -1.2398899108387194,
      -14.454318171373453,
      -4.2771264768029775,
      6.790770561806489e-16,
      1.4238559614358959,
      1.6018636286216767,
      1.3281236285793545,
      0.9609024174214841,
      18.550105352799722,
      11.581533903255366,
      6.854101966249686,
      3.855494145463813,
      2.055768990238482,
      1.0292826759701705,
      -0.4735958036323142,
      -5.521058257259432,
      -1.6337169399566551,
      2.59384354480786e-16,
      0.5438645821843525,
      0.6118574607912416,
      0.5072980848554716,
      0.3670320635830679,
      7.085509749878134,
      4.423752309184313,
      2.618033988749895,
      1.4726677201409453,
      0.7852338812530493,
      0.39315099818916044,
      -0.1808975000582231,
      -2.1088566004048417,
      -0.6240243430669662,
      9.907600726170916e-17,
      0.2077377851171605,
      0.23370875375204817,
      0.19377062598706182,
      0.1401937733277194,
      2.7064238968346808,
      1.689723024297574,
      1.0,
      0.5625090149590232,
      0.29993265352066556,
      0.15017031859731092,
      -0.06909669654235515,
      -0.8055115439550946,
      -0.2383560892442562,
      -1.0600052355933517e-15,
      0.0793487731671339,
      0.0892688004649025,
      0.07401379310571397,
      0.05354925640009044,
      1.0337619406259095,
      0.6454167637084088,
      0.38196601125010515,
      0.21485932473612387,
      0.1145640793089485,
      0.05735995760277225,
      -0.02639258956884232,
      -0.30767803146044004,
      -0.09104392466580262,
      -4.0488597174382046e-16,
      0.030308534384239035,
      0.034097647642660586,
      0.028270753330080094,
      0.020453995872551648,
      0.3948619250430466,
      0.24652726682765233,
      0.14589803375031543,
      0.08206895924934822,
      0.04375958440617976,
      0.021909554211006124,
      -0.010081072164171834,
      -0.11752255042622865
    ],
    [
      -1.5547727712598998,
      -23.832211521322627,
      -10.979336646599679,
      -3.7277033021233263,
      5.6041018636032675e-15,
      1.633716939956646,
      2.108856600404844,
      2.006184018045126,
      48.35437621638705,
      36.889277744983744,
      26.42595000328768,
      17.944271909999163,
      10.093814716250495,
      5.382073089462395,
      -2.6946970297213504,
      -35.99951152129639,
      -14.45431817137344,
      -4.277126476802944,
      5.6041018636032675e-15,
      1.4238559614358988,
      1.601863628621678,
      1.3281236285793536,
      27.89926536575058,
      18.550105352799726,
      11.581533903255366,
      6.8541019662496865,
      3.855494145463812,
      2.0557689902384815,
      -1.02928267597017,
      -13.750589822741777,
      -5.521058257259436,
      -1.633716939956639,
      2.1405764354798207e-15,
      0.5438645821843537,
      0.6118574607912433,
      0.5072980848554719,
      10.656571108563961,
      7.085509749878135,
      4.423752309184313,
      2.618033988749895,
      1.472667720140945,
      0.7852338812530489,
      -0.3931509981891603,
      -5.252257946928967,
      -2.108856600404847,
      -0.624024343066965,
      8.176274428361952e-16,
      0.2077377851171625,
      0.23370875375204836,
      0.1937706259870619,
      4.070447959941288,
      2.706423896834681,
      1.6897230242975747,
      1.0,
      0.5625090149590228,
      0.29993265352066584,
      -0.15017031859731086,
      -2.006184018045124,
      -0.8055115439550935,
      -0.23835608924425578,
      -7.855430098689285e-16,
      0.07934877316713403,
      0.08926880046490296,
      0.074013793105714,
      1.5547727712599013,
      1.033761940625909,
      0.6454167637084088,
      0.3819660112501051,
      0.21485932473612368,
      0.11456407930894849,
      -0.05735995760277231,
      -0.766294107206405,
      -0.3076780314604409,
      -0.09104392466580315,
      1.1929023625009932e-16,
      0.03030853438423933,
      0.034097647642660496,
      0.028270753330080167,
      0.5938703538384167,
      0.39486192504304707,
      0.24652726682765244,
      0.14589803375031546,
      0.08206895924934823,
      0.04375958440617971,
      -0.021909554211006082,
      -0.29269830357409027,
      -0.11752255042622897,
      -0.03477568475315189,
      -2.747831768538957e-16,
      0.011576829985584737,
      0.01302414246307858,
      0.010798466884526299,
      0.22683829025534855,
      0.15082383450323042,
      0.09416503677454877,
      0.0557280900008412,
      0.03134755301192097,
      0.016714673909590794,
      -0.008368705030245938,
      -0.11180080351586766
    ],
    [
      -1.0337619406259089,
      -17.242694257186628,
      -9.103094774068408,
      -4.193733425073788,
      -1.4238559614358952,
      2.5938435448078594e-16,
      0.6240243430669664,
      0.8055115439550944,
      22.248921698554604,
      18.469728209860303,
      14.090450278148708,
      10.093814716250495,
      6.854101966249684,
      3.8554941454638136,
      -2.055768990238482,
      -29.884648006526728,
      -13.750589822741786,
      -5.521058257259425,
      -1.633716939956642,
      2.5938435448078594e-16,
      0.5438645821843527,
      0.6118574607912416,
      14.729116747254215,
      10.656571108563956,
      7.085509749878132,
      4.423752309184311,
      2.6180339887498945,
      1.4726677201409455,
      -0.7852338812530493,
      -11.414919796666416,
      -5.2522579469289745,
      -2.1088566004048412,
      -0.6240243430669661,
      9.907600726170914e-17,
      0.20773778511716298,
      0.23370875375204817,
      5.626021973185823,
      4.070447959941285,
      2.7064238968346803,
      1.6897230242975734,
      0.9999999999999998,
      0.562509014959023,
      -0.2999326535206659,
      -4.360111383472532,
      -2.006184018045129,
      -0.8055115439550941,
      -0.23835608924425625,
      3.784366730434149e-17,
      0.07934877316713386,
      0.08926880046490288,
      2.1489491723032343,
      1.5547727712599007,
      1.0337619406259098,
      0.6454167637084087,
      0.38196601125010504,
      0.2148593247361237,
      -0.11456407930894857,
      -1.6654143537511803,
      -0.7662941072064053,
      -0.30767803146044104,
      -0.09104392466580334,
      1.445499465131534e-17,
      0.030308534384239492,
      0.03409764764266048,
      0.8208255437238813,
      0.5938703538384162,
      0.39486192504304635,
      0.24652726682765247,
      0.1458980337503154,
      0.08206895924934825,
      -0.04375958440617977,
      -0.6361316777810099,
      -0.2926983035740911,
      -0.11752255042622949,
      -0.03477568475315168,
      -1.5465267963810986e-16,
      0.011576829985584626,
      0.013024142463078618,
      0.31352745886840966,
      0.22683829025534877,
      0.15082383450323048,
      0.09416503677454871,
      0.055728090000841196,
      0.03134755301192096,
      -0.016714673909590784,
      -0.24298067959184916,
      -0.11180080351586795,
      -0.04488961981824622,
      -0.013283129593652649,
      6.328997776550564e-17,
      0.004421955572514371,
      0.004974779746575222,
      0.11975683288134784,
      0.08664451692762891,
      0.057609578466644926,
      0.035967843495993856,
      0.021286236252208178,
      0.011973699786414677,
      -0.006384437322592592,
      -0.09281036099453845
    ],
    [
      -0.6454167637084087,
      -11.464595602921587,
      -6.586123148622672,
      -3.477072800882589,
      -1.6018636286216779,
      -0.5438645821843534,
      -6.194754283127767e-16,
      0.23835608924425591,
      8.933259914114014,
      8.498331875812811,
      7.054808413193883,
      5.382073089462395,
      3.8554941454638136,
      2.618033988749895,
      -1.4726677201409457,
      -22.798827466835032,
      -11.414919796666421,
      -5.25225794692897,
      -2.1088566004048435,
      -0.6240243430669672,
      -6.194754283127767e-16,
      0.20773778511716182,
      6.785603221525882,
      5.626021973185819,
      4.070447959941284,
      2.7064238968346794,
      1.6897230242975738,
      1.0,
      -0.5625090149590232,
      -8.708377188686315,
      -4.360111383472537,
      -2.006184018045126,
      -0.8055115439550948,
      -0.2383560892442567,
      3.123058930287648e-16,
      0.07934877316713375,
      2.59186979645211,
      2.1489491723032335,
      1.5547727712599,
      1.0337619406259084,
      0.6454167637084086,
      0.3819660112501051,
      -0.21485932473612374,
      -3.3263040992239152,
      -1.6654143537511836,
      -0.7662941072064057,
      -0.3076780314604413,
      -0.09104392466580283,
      -9.03802469474686e-17,
      0.03030853438423944,
      0.9900061678304343,
      0.8208255437238808,
      0.593870353838417,
      0.3948619250430463,
      0.2465272668276525,
      0.14589803375031543,
      -0.08206895924934823,
      -1.2705351089854329,
      -0.6361316777810102,
      -0.2926983035740912,
      -0.11752255042622957,
      -0.034775684753151764,
      -3.452218242232407e-17,
      0.0115768299855846,
      0.3781487070391932,
      0.3135274588684095,
      0.22683829025534838,
      0.15082383450323036,
      0.09416503677454882,
      0.055728090000841196,
      -0.03134755301192098,
      -0.4853012277323832,
      -0.24298067959184957,
      -0.11180080351586826,
      -0.0448896198182461,
      -0.013283129593652574,
      -1.3186300319503618e-17,
      0.004421955572514398,
      0.1444399532871451,
      0.11975683288134803,
      0.08664451692762902,
      0.05760957846664486,
      0.03596784349599385,
      0.02128623625220818,
      -0.011973699786414676,
      -0.18536857421171715,
      -0.09281036099453861,
      -0.04270410697351292,
      -0.017146309028509256,
      -0.005073704027805624,
      -5.0367185361867836e-18,
      0.001689036731958473,
      0.05517115282224232,
      0.04574303977563374,
      0.03309526052753867,
      0.022004900896704323,
      0.013738493713432807,
      0.008130618755783345,
      -0.004573546347323049,
      -0.0708044949027687
    ],
    [
      0.38196601125010515,
      7.157781594071051,
      4.3790858530434535,
      2.5156751886813846,
      1.328123628579353,
      0.6118574607912416,
      0.2077377851171622,
      3.78436673043415e-17,
      -2.643409536846318,
      -3.4122016568545903,
      -3.2460739288838445,
      -2.6946970297213504,
      -2.055768990238482,
      -1.4726677201409457,
      1.0,
      16.332135287037183,
      8.708377188686315,
      4.360111383472531,
      2.006184018045125,
      0.8055115439550944,
      0.23835608924425636,
      3.78436673043415e-17,
      -2.303847340687429,
      -2.5918697964521122,
      -2.148949172303234,
      -1.5547727712599002,
      -1.0337619406259093,
      -0.6454167637084086,
      0.38196601125010515,
      6.238320570786682,
      3.3263040992239175,
      1.6654143537511807,
      0.7662941072064053,
      0.3076780314604411,
      0.09104392466580234,
      1.4454994651315342e-17,
      -0.8799913792515427,
      -0.9900061678304353,
      -0.8208255437238813,
      -0.5938703538384161,
      -0.3948619250430464,
      -0.24652726682765247,
      0.14589803375031543,
      2.3828264253228677,
      1.270535108985434,
      0.63613167778101,
      0.2926983035740911,
      0.11752255042622904,
      0.03477568475315172,
      5.5213166496045245e-18,
      -0.33612679706719023,
      -0.3781487070391935,
      -0.31352745886841027,
      -0.2268382902553484,
      -0.15082383450323042,
      -0.0941650367745488,
      0.0557280900008412,
      0.9101587051819222,
      0.4853012277323835,
      0.24298067959184952,
      0.11180080351586821,
      0.04488961981824605,
      0.013283129593652458,
      2.1089552974982345e-18,
      -0.12838901195002816,
      -0.1444399532871453,
      -0.11975683288134782,
      -0.08664451692762902,
      -0.057609578466644946,
      -0.03596784349599386,
      0.02128623625220818,
      0.3476496902228994,
      0.18536857421171735,
      0.09281036099453871,
      0.042704106973512825,
      0.017146309028509183,
      0.005073704027805657,
      -2.2563521873417678e-17,
      -0.04904023878289437,
      -0.05517115282224258,
      -0.04574303977563386,
      -0.033095260527538625,
      -0.022004900896704312,
      -0.013738493713432814,
      0.008130618755783347,
      0.13279036548677547,
      0.07080449490276877,
      0.0354504033917663,
      0.01631151740467056,
      0.006549307267281269,
      0.0019379824897645193,
      9.233883312088457e-18,
      -0.01873170439865487,
